650
1500
680
4970
1580
490
470
2760
110
1320
860
2570
830
650
1250
1840
700
550
80
380
1560
1090
580
2970
1720
170
920
1860
500
170
4820
950
3060
470
780
730
1280
5420
720
600
10
1790
440
4890
5400
1130
2630
160
340
550
1560
1660
880
4430
270
1920
3440
1320
540
3750
400
1390
2590
2500
610
1500
3650
660
350
400
850
3700
2420
190
1490
4110
2250
1860
2630
2430
410
500
1110
1960
160
40
100
1860
2970
600
2070
6090
860
400
750
2020
830
2870
870
430
650
3030
6710
1370
1380
2740
510
1850
950
2020
2050
1220
1340
1200
1140
1930
100
1760
2370
2720
490
840
2310
390
1810
1790
2270
1480
2850
1920
470
2720
740
1390
890
1470
1520
260
6470
10
1120
2620
1210
8130
960
1160
940
1850
2480
8160
1910
140
2160
720
2960
3230
260
710
870
30
810
40
2080
2380
6270
2060
5760
790
920
1520
830
720
1280
2020
1330
2110
1230
1400
1920
330
1300
260
1600
320
790
3360
4390
1650
6810
400
2860
4610
2230
380
3390
1210
2630
1190
5480
4470
3860
110
520
1690
1800
2570
610
3140
2280
2950
1310
890
320
1090
2160
5760
1000
1180
1960
1670
3610
1970
230
640
9630
590
1630
410
1480
480
1850
1550
730
2460
30
890
2260
440
1430
390
1520
160
610
3020
510
960
3270
2120
520
540
250
790
30
500
1610
3910
3680
460
1110
1500
1280
1050
1160
1670
150
1040
270
440
1710
980
3840
920
10
4000
1630
830
4420
5900
1360
2330
1090
560
620
790
110
5170
240
80
1240
6400
3500
1830
1220
2620
3490
1390
3080
1820
770
10
30
3400
150
210
730
560
160
990
290
3440
640
1070
4700
1840
4740
670
840
1530
1210
210
3290
2540
3200
2190
360
1590
1460
950
140
2440
740
460
970
1020
990
3090
1050
1000
2370
3880
730
2490
1740
4440
1170
1240
1410
1760
4830
2020
4590
120
1620
3110
770
2040
3290
50
6810
1040
2290
1600
190
1220
240
460
250
390
2260
230
490
4000
80
1930
2290
1890
5600
3130
2440
1780
1000
60
1220
5410
2910
4770
4770
80
5060
440
450
1530
230
660
2040
2180
2400
690
2550
7030
2070
370
920
560
20
2080
1100
210
1010
750
270
3480
640
1160
5320
4380
1500
2580
3870
1950
1900
1990
480
1240
3600
2710
1430
590
990
11960
970
640
250
710
5270
820
280
6400
170
2660
330
1900
240
350
2010
1360
3510
8250
4490
6200
600
1930
1220
1470
130
1160
