687058261
763980856
1514955858
1931336878
1602097786
1385569977
853522530
855720948
474631779
1316157388
712154575
1208255908
760599438
1849086178
1332220413
1349454115
675645178
1184205192
1534014790
1398216538
1222850350
2066736873
1670380867
1433155054
985820558
80728302
1152788767
533782272
18060678
1226235611
1411487922
274320196
839397907
339052404
1682703462
725360737
1972353576
656592822
1556766724
1962655616
1551992760
2015654932
928913362
730141528
1170077221
1820143506
1523074096
293176893
1798121103
898504740
1522933591
32252345
137316215
1874786671
231175913
460054810
197341304
1700701997
660423392
486787554
835804209
1435817322
1260400025
1515562717
1757463561
71204109
1773918463
1765563250
179126936
73050816
128384686
743206173
402153991
813196290
1814681156
90822748
1361278794
509684968
1166109842
642274409
