1769284893
1698158230
332337004
1929500521
1019869282
318590087
1031544288
2059257917
819937918
838679114
84754783
1300407356
717127262
1295767844
1479279140
415511366
1885049535
1871340068
257560036
1279109169
1042614060
153820542
1100548504
1932982137
1133978561
1943317139
385827647
938525783
818159354
243076951
334242807
1902948398
321216249
1299429838
1452918502
1690423373
538883026
1109083609
1070905309
906183041
2038899265
1674035594
296256909
1116078949
630129347
804603515
2067963497
98369262
572683958
1821906971
974687997
1029491661
894977554
405322312
1917388480
1419947467
201652794
1888491543
627379046
1767660788
547304551
26225050
671857450
1605260953
1847523505
1873938425
1060640971
122336192
1291125057
160846816
1529473342
675203502
1659145629
2007268326
1423057470
1198798942
578938839
464522985
512257558
1728348680
