0
0
0
10
0
40
10
0
80
0
0
10
60
0
10
20
60
60
0
0
0
0
0
0
0
20
10
0
50
20
0
10
0
0
80
0
0
10
10
60
0
0
0
50
10
0
0
20
0
0
130
0
0
0
0
0
10
20
10
10
0
10
0
0
50
0
20
10
10
0
70
0
10
30
0
40
60
100
20
0
0
0
0
0
0
10
10
0
0
50
0
30
50
10
130
0
0
10
0
60
0
40
0
0
0
0
0
20
0
50
0
30
90
0
10
0
60
0
0
0
10
50
40
20
0
0
20
0
10
0
0
0
10
0
60
90
0
10
10
20
40
0
0
20
0
0
20
0
90
0
20
0
50
0
0
0
0
50
0
0
0
0
0
60
10
0
0
0
10
0
0
0
0
0
20
0
0
20
10
10
60
0
40
50
130
10
0
0
50
20
0
0
0
40
0
110
10
40
20
10
50
20
0
0
0
0
60
0
0
0
10
0
0
10
20
0
20
0
0
10
10
0
0
0
10
0
10
0
0
50
0
70
110
10
0
20
0
0
0
0
20
0
0
0
0
10
20
140
50
60
0
0
0
0
10
0
20
0
0
0
10
10
40
0
0
0
0
20
0
0
10
0
60
0
0
60
10
120
120
0
0
0
0
0
10
10
0
0
80
0
0
130
0
20
0
0
20
0
20
0
0
10
0
10
0
0
0
10
10
20
50
10
0
0
0
0
0
60
0
0
10
10
10
30
80
0
0
20
0
10
0
0
20
0
0
10
0
20
0
0
0
10
60
10
20
70
0
0
20
0
0
130
0
10
40
0
60
40
10
20
80
0
0
10
0
60
10
10
0
0
0
0
20
0
10
0
60
20
80
20
30
0
0
20
0
0
0
20
40
0
0
10
0
0
20
0
0
0
0
0
0
10
0
0
20
60
20
60
0
0
0
0
10
10
60
0
0
0
0
0
10
0
0
0
30
20
20
50
0
0
0
0
0
10
10
0
0
10
140
140
10
20
0
10
0
10
20
0
50
60
50
80
0
90
10
0
0
0
0
0
10
60
50
20
0
10
0
0
0
0
20
0
50
0
70
0
10
20
60
20
0
0
20
10
0
0
0
50
10
0
0
0
50
0
0
0
0
0
0
10
10
0
0
20
10
0
20
110
30
20
20
20
0
20
0
60
0
30
0
40
30
80
40
130
0
0
0
110
20
0
20
120
50
10
40
